Pas	Experimental	Theoretical
1	2.00000	0.40000
2	2.72000	0.80000
3	3.49900	1.20000
4	4.14100	1.60000
5	4.81600	2.00000
6	5.47500	2.40000
7	6.19700	2.80000
8	6.71000	3.20000
9	7.26200	3.60000
10	7.89600	4.00000
11	8.46600	4.40000
12	9.05300	4.80000
13	9.57200	5.20000
14	10.09700	5.60000
15	10.61500	6.00000
16	11.24000	6.40000
17	11.73900	6.80000
18	12.24400	7.20000
19	12.92100	7.60000
20	13.26700	8.00000
21	13.88000	8.40000
22	14.30100	8.80000
23	15.01700	9.20000
24	15.48100	9.60000
25	16.03300	10.00000
26	16.41500	10.40000
27	17.00100	10.80000
28	17.10100	11.20000
29	18.09200	11.60000
30	18.65100	12.00000
31	18.90100	12.40000
32	19.35700	12.80000
33	19.94100	13.20000
34	20.44400	13.60000
35	20.85800	14.00000
36	21.42300	14.40000
37	21.88100	14.80000
38	22.26600	15.20000
39	22.78500	15.60000
40	23.10900	16.00000
41	23.61200	16.40000
42	24.05600	16.80000
43	24.42700	17.20000
44	25.11600	17.60000
45	25.57100	18.00000
46	25.96000	18.40000
47	26.32300	18.80000
48	26.97300	19.20000
49	27.61700	19.60000
50	27.90000	20.00000
51	28.28000	20.40000
52	28.77200	20.80000
53	29.14500	21.20000
54	29.82700	21.60000
55	30.04800	22.00000
56	30.53000	22.40000
57	30.92300	22.80000
58	31.53100	23.20000
59	31.90800	23.60000
60	31.99500	24.00000
61	32.85200	24.40000
62	33.42600	24.80000
63	33.73200	25.20000
64	34.42300	25.60000
65	34.40600	26.00000
66	35.10400	26.40000
67	35.47500	26.80000
68	36.02100	27.20000
69	36.39400	27.60000
70	37.05200	28.00000
71	37.13400	28.40000
72	37.90600	28.80000
73	38.16800	29.20000
74	38.55500	29.60000
75	38.78200	30.00000
76	39.28300	30.40000
77	39.67600	30.80000
78	40.41600	31.20000
79	40.70300	31.60000
80	41.28500	32.00000
81	41.60400	32.40000
82	41.84800	32.80000
83	42.53900	33.20000
84	42.73300	33.60000
85	43.45200	34.00000
86	43.40900	34.40000
87	44.16300	34.80000
88	44.62000	35.20000
89	44.62100	35.60000
90	45.16900	36.00000
91	45.83600	36.40000
92	45.90500	36.80000
93	46.65500	37.20000
94	46.87800	37.60000
95	47.58900	38.00000
96	47.94500	38.40000
97	48.22400	38.80000
98	48.73500	39.20000
99	49.10200	39.60000
100	49.20400	40.00000
101	49.97700	40.40000
102	50.72600	40.80000
103	50.60200	41.20000
104	51.38900	41.60000
105	51.84700	42.00000
106	51.84900	42.40000
107	52.25100	42.80000
108	52.95200	43.20000
109	53.67700	43.60000
110	54.38200	44.00000
111	54.25200	44.40000
112	54.27700	44.80000
113	55.01600	45.20000
114	55.34800	45.60000
115	55.74200	46.00000
116	56.48000	46.40000
117	56.64500	46.80000
118	57.28400	47.20000
119	56.85100	47.60000
120	57.47600	48.00000
121	58.54300	48.40000
122	58.94100	48.80000
123	58.71700	49.20000
124	59.37700	49.60000
125	59.22300	50.00000
126	60.33300	50.40000
127	60.82300	50.80000
128	61.00400	51.20000
129	61.56900	51.60000
130	61.32000	52.00000
131	61.69100	52.40000
132	62.67900	52.80000
133	63.06700	53.20000
134	63.18800	53.60000
135	63.95100	54.00000
136	64.14600	54.40000
137	64.59900	54.80000
138	64.85400	55.20000
139	65.57800	55.60000
140	65.98900	56.00000
141	66.39500	56.40000
142	66.11200	56.80000
143	67.03400	57.20000
144	67.73300	57.60000
145	68.31100	58.00000
146	67.54200	58.40000
147	68.50100	58.80000
148	68.73100	59.20000
149	68.94100	59.60000
150	70.22400	60.00000
151	70.02300	60.40000
152	71.23900	60.80000
153	71.08200	61.20000
154	71.53500	61.60000
155	71.56800	62.00000
156	71.64900	62.40000
157	72.35600	62.80000
158	72.52700	63.20000
159	74.32900	63.60000
160	73.64400	64.00000
161	73.44400	64.40000
162	74.47000	64.80000
163	74.56200	65.20000
164	75.14300	65.60000
165	75.88600	66.00000
166	76.12900	66.40000
167	77.11400	66.80000
168	76.72300	67.20000
169	77.08500	67.60000
170	77.58200	68.00000
171	78.08700	68.40000
172	78.58700	68.80000
173	79.24300	69.20000
174	79.48600	69.60000
175	79.30000	70.00000
176	80.31200	70.40000
177	80.77600	70.80000
178	80.74600	71.20000
179	81.58800	71.60000
180	81.42900	72.00000
181	82.00700	72.40000
182	82.07200	72.80000
183	82.47000	73.20000
184	82.91400	73.60000
185	83.05700	74.00000
186	83.67100	74.40000
187	84.76500	74.80000
188	85.00500	75.20000
189	85.42400	75.60000
190	85.75200	76.00000
191	85.90800	76.40000
192	85.89200	76.80000
193	86.61800	77.20000
194	87.37500	77.60000
195	87.59000	78.00000
196	87.38300	78.40000
197	88.50900	78.80000
198	88.22000	79.20000
199	88.16200	79.60000
200	90.13000	80.00000
201	89.38000	80.40000
202	90.06300	80.80000
203	90.70800	81.20000
204	91.09700	81.60000
205	91.75900	82.00000
206	91.89800	82.40000
207	91.73200	82.80000
208	92.31600	83.20000
209	93.04600	83.60000
210	93.49000	84.00000
211	92.58500	84.40000
212	94.10400	84.80000
213	95.32400	85.20000
214	93.86800	85.60000
215	94.80100	86.00000
216	95.71400	86.40000
217	95.44800	86.80000
218	96.39200	87.20000
219	96.41900	87.60000
220	97.30300	88.00000
221	97.48400	88.40000
222	97.44200	88.80000
223	97.94600	89.20000
224	97.74200	89.60000
225	99.32100	90.00000
226	99.07300	90.40000
227	99.45400	90.80000
228	99.99600	91.20000
229	99.53700	91.60000
230	100.71500	92.00000
231	102.08800	92.40000
232	100.80700	92.80000
233	101.96100	93.20000
234	102.37600	93.60000
235	102.31000	94.00000
236	102.39700	94.40000
237	102.14000	94.80000
238	103.88400	95.20000
239	104.51400	95.60000
240	104.34800	96.00000
241	105.03500	96.40000
242	104.81700	96.80000
243	106.71500	97.20000
244	106.50700	97.60000
245	107.16900	98.00000
246	106.40200	98.40000
247	107.58700	98.80000
248	107.30200	99.20000
249	108.25100	99.60000
250	107.39400	100.00000
251	109.21200	100.40000
252	108.98000	100.80000
253	109.82200	101.20000
254	108.92100	101.60000
255	110.72700	102.00000
256	110.75700	102.40000
257	111.14900	102.80000
258	110.94900	103.20000
259	112.24800	103.60000
260	112.04200	104.00000
261	112.56000	104.40000
262	113.35900	104.80000
263	113.74300	105.20000
264	112.07500	105.60000
265	113.04100	106.00000
266	114.56900	106.40000
267	113.98300	106.80000
268	115.42100	107.20000
269	115.32000	107.60000
270	115.27800	108.00000
271	115.91100	108.40000
272	116.25300	108.80000
273	116.77500	109.20000
274	117.42500	109.60000
275	117.35400	110.00000
276	116.75200	110.40000
277	118.64000	110.80000
278	118.53600	111.20000
279	119.20600	111.60000
280	118.52800	112.00000
281	119.34600	112.40000
282	120.26000	112.80000
283	120.94200	113.20000
284	121.57500	113.60000
285	121.25700	114.00000
286	121.63800	114.40000
287	121.32100	114.80000
288	121.95200	115.20000
289	121.64700	115.60000
290	122.26300	116.00000
291	125.20200	116.40000
292	122.98100	116.80000
293	124.08700	117.20000
294	125.42800	117.60000
295	124.77800	118.00000
296	125.87100	118.40000
297	126.24200	118.80000
298	125.84900	119.20000
299	126.30600	119.60000
300	126.46800	120.00000
301	126.77500	120.40000
302	128.59300	120.80000
303	127.95400	121.20000
304	127.61200	121.60000
305	127.69000	122.00000
306	128.92000	122.40000
307	128.89700	122.80000
308	130.94500	123.20000
309	129.46800	123.60000
310	130.77400	124.00000
311	130.68600	124.40000
312	131.20500	124.80000
313	130.87000	125.20000
314	133.14400	125.60000
315	132.95100	126.00000
316	132.93000	126.40000
317	133.02600	126.80000
318	131.88600	127.20000
319	134.27900	127.60000
320	134.44300	128.00000
321	133.82800	128.40000
322	134.93600	128.80000
323	134.13000	129.20000
324	135.01100	129.60000
325	135.32600	130.00000
326	135.94700	130.40000
327	136.48400	130.80000
328	136.71800	131.20000
329	137.65400	131.60000
330	137.38000	132.00000
331	138.63600	132.40000
332	137.98100	132.80000
333	139.16200	133.20000
334	139.12200	133.60000
335	140.33000	134.00000
336	138.89400	134.40000
337	139.68900	134.80000
338	140.27000	135.20000
339	139.46000	135.60000
340	141.30300	136.00000
341	142.38800	136.40000
342	142.51900	136.80000
343	142.31200	137.20000
344	143.53500	137.60000
345	143.37000	138.00000
346	143.32500	138.40000
347	144.09400	138.80000
348	143.36800	139.20000
349	143.99100	139.60000
350	144.02300	140.00000
351	145.38000	140.40000
352	145.11100	140.80000
353	146.14000	141.20000
354	146.27700	141.60000
355	145.48600	142.00000
356	147.19100	142.40000
357	147.20500	142.80000
358	148.32600	143.20000
359	147.33100	143.60000
360	148.29800	144.00000
361	148.80600	144.40000
362	148.65700	144.80000
363	149.48900	145.20000
364	149.49200	145.60000
365	149.97900	146.00000
366	151.58300	146.40000
367	151.33900	146.80000
368	150.63100	147.20000
369	151.70800	147.60000
370	153.22400	148.00000
371	151.80800	148.40000
372	152.74500	148.80000
373	152.29200	149.20000
374	154.61300	149.60000
375	153.79200	150.00000
376	152.91000	150.40000
377	155.15400	150.80000
378	155.23600	151.20000
379	155.17500	151.60000
380	153.87000	152.00000
381	155.48400	152.40000
382	155.78700	152.80000
383	156.68000	153.20000
384	155.83100	153.60000
385	156.61500	154.00000
386	157.11900	154.40000
387	158.77300	154.80000
388	159.45300	155.20000
389	157.82400	155.60000
390	159.05200	156.00000
391	159.84700	156.40000
392	160.81300	156.80000
393	160.34700	157.20000
394	161.13700	157.60000
395	159.72600	158.00000
396	160.97200	158.40000
397	161.33600	158.80000
398	162.00600	159.20000
399	163.85800	159.60000
400	161.71100	160.00000
401	163.62900	160.40000
402	163.11700	160.80000
403	163.84000	161.20000
404	163.87400	161.60000
405	164.62100	162.00000
406	163.71100	162.40000
407	165.48800	162.80000
408	163.61400	163.20000
409	165.50900	163.60000
410	165.71400	164.00000
411	166.72000	164.40000
412	164.83100	164.80000
413	167.88000	165.20000
414	166.94600	165.60000
415	168.60400	166.00000
416	167.95400	166.40000
417	169.04400	166.80000
418	168.60100	167.20000
419	169.66000	167.60000
420	170.08100	168.00000
421	171.35900	168.40000
422	171.10800	168.80000
423	169.44300	169.20000
424	170.11900	169.60000
425	171.89100	170.00000
426	171.81000	170.40000
427	170.71300	170.80000
428	172.70700	171.20000
429	172.17700	171.60000
430	173.18400	172.00000
431	174.68500	172.40000
432	173.34400	172.80000
433	174.89700	173.20000
434	175.32100	173.60000
435	172.97800	174.00000
436	175.59400	174.40000
437	176.30700	174.80000
438	176.51100	175.20000
439	175.47900	175.60000
440	177.35100	176.00000
441	176.36200	176.40000
442	176.90300	176.80000
443	177.00500	177.20000
444	179.18100	177.60000
445	177.85600	178.00000
446	179.55100	178.40000
447	178.43700	178.80000
448	179.20400	179.20000
449	179.90700	179.60000
450	178.43500	180.00000
451	180.71200	180.40000
452	181.96600	180.80000
453	181.19100	181.20000
454	180.69100	181.60000
455	182.52900	182.00000
456	182.16400	182.40000
457	182.53400	182.80000
458	181.72800	183.20000
459	183.59200	183.60000
460	184.18900	184.00000
461	185.69900	184.40000
462	185.02500	184.80000
463	186.17900	185.20000
464	185.57000	185.60000
465	184.80000	186.00000
466	184.58800	186.40000
467	187.24200	186.80000
468	187.10100	187.20000
469	186.66100	187.60000
470	187.54900	188.00000
471	188.89900	188.40000
472	187.20100	188.80000
473	187.57900	189.20000
474	190.03500	189.60000
475	188.96200	190.00000
476	189.46700	190.40000
477	189.39800	190.80000
478	188.76500	191.20000
479	188.90700	191.60000
480	192.05700	192.00000
481	190.90900	192.40000
482	192.52400	192.80000
483	192.81800	193.20000
484	192.06100	193.60000
485	191.72100	194.00000
486	192.75100	194.40000
487	194.39100	194.80000
488	193.58200	195.20000
489	194.42000	195.60000
490	194.33400	196.00000
491	195.46300	196.40000
492	194.30600	196.80000
493	193.81800	197.20000
494	196.32400	197.60000
495	196.35400	198.00000
496	197.00800	198.40000
497	196.72800	198.80000
498	198.14400	199.20000
499	197.32200	199.60000
500	197.39400	200.00000
501	197.62100	200.40000
502	197.52100	200.80000
503	197.96000	201.20000
504	199.94100	201.60000
505	199.88700	202.00000
506	199.29800	202.40000
507	198.60500	202.80000
508	199.24000	203.20000
509	201.35300	203.60000
510	201.86500	204.00000
511	201.83600	204.40000
512	202.17300	204.80000
513	202.14900	205.20000
514	202.31200	205.60000
515	201.52500	206.00000
516	203.63800	206.40000
517	202.72900	206.80000
518	201.92300	207.20000
519	202.58100	207.60000
520	204.36100	208.00000
521	203.91200	208.40000
522	204.62100	208.80000
523	204.43700	209.20000
524	205.37100	209.60000
525	206.45200	210.00000
526	206.27600	210.40000
527	208.21100	210.80000
528	208.42500	211.20000
529	208.35700	211.60000
530	208.79100	212.00000
531	205.76200	212.40000
532	207.17000	212.80000
533	209.35700	213.20000
534	208.86900	213.60000
535	208.37000	214.00000
536	210.83400	214.40000
537	210.24300	214.80000
538	211.15000	215.20000
539	209.75000	215.60000
540	211.32300	216.00000
541	211.39100	216.40000
542	213.43500	216.80000
543	214.44800	217.20000
544	213.54600	217.60000
545	213.61700	218.00000
546	213.07100	218.40000
547	213.45100	218.80000
548	213.27600	219.20000
549	215.05000	219.60000
550	215.91300	220.00000
551	216.25700	220.40000
552	216.97300	220.80000
553	215.57400	221.20000
554	218.40500	221.60000
555	216.28800	222.00000
556	216.51200	222.40000
557	215.16000	222.80000
558	216.96600	223.20000
559	218.10900	223.60000
560	217.39400	224.00000
561	219.05500	224.40000
562	218.17400	224.80000
563	218.20200	225.20000
564	221.06800	225.60000
565	218.44800	226.00000
566	219.84000	226.40000
567	222.29500	226.80000
568	219.96600	227.20000
569	221.05500	227.60000
570	219.39900	228.00000
571	221.06600	228.40000
572	221.62800	228.80000
573	222.82800	229.20000
574	223.72500	229.60000
575	222.38900	230.00000
576	224.01200	230.40000
577	222.78000	230.80000
578	223.79800	231.20000
579	224.04000	231.60000
580	225.91200	232.00000
581	225.35700	232.40000
582	226.69900	232.80000
583	224.84900	233.20000
584	223.98700	233.60000
585	227.57500	234.00000
586	226.87800	234.40000
587	226.70600	234.80000
588	228.30500	235.20000
589	226.84300	235.60000
590	227.96800	236.00000
591	229.55400	236.40000
592	229.01400	236.80000
593	228.26600	237.20000
594	228.23900	237.60000
595	230.44500	238.00000
596	231.69200	238.40000
597	231.92100	238.80000
598	230.24500	239.20000
599	231.11700	239.60000
600	234.65500	240.00000
601	233.77400	240.40000
602	234.76600	240.80000
603	232.43300	241.20000
604	232.63500	241.60000
605	233.87500	242.00000
606	233.74800	242.40000
607	234.81200	242.80000
608	234.57300	243.20000
609	234.35700	243.60000
610	234.27000	244.00000
611	236.92900	244.40000
612	237.25000	244.80000
613	235.59600	245.20000
614	236.71000	245.60000
615	236.16200	246.00000
616	234.96500	246.40000
617	238.46900	246.80000
618	235.85800	247.20000
619	238.18900	247.60000
620	237.39500	248.00000
621	242.02300	248.40000
622	240.73800	248.80000
623	239.35900	249.20000
624	239.43100	249.60000
625	240.96700	250.00000
626	242.04600	250.40000
627	240.51000	250.80000
628	241.16400	251.20000
629	242.15000	251.60000
630	241.01100	252.00000
631	242.19300	252.40000
632	242.48700	252.80000
633	242.43900	253.20000
634	243.61600	253.60000
635	244.10000	254.00000
636	244.08200	254.40000
637	244.66600	254.80000
638	244.94000	255.20000
639	244.68500	255.60000
640	246.07700	256.00000
641	245.34500	256.40000
642	247.79100	256.80000
643	245.40300	257.20000
644	248.28300	257.60000
645	247.54800	258.00000
646	246.43900	258.40000
647	245.70300	258.80000
648	248.30900	259.20000
649	247.04900	259.60000
650	247.54100	260.00000
651	246.75500	260.40000
652	249.00400	260.80000
653	251.40600	261.20000
654	249.97400	261.60000
655	249.26200	262.00000
656	251.93900	262.40000
657	250.94100	262.80000
658	250.33800	263.20000
659	253.44400	263.60000
660	253.49700	264.00000
661	252.82000	264.40000
662	250.26000	264.80000
663	254.52900	265.20000
664	253.22200	265.60000
665	252.44400	266.00000
666	253.77700	266.40000
667	253.09400	266.80000
668	253.51900	267.20000
669	252.77200	267.60000
670	255.26200	268.00000
671	257.61000	268.40000
672	256.35700	268.80000
673	258.47200	269.20000
674	256.09200	269.60000
675	256.54400	270.00000
676	260.40300	270.40000
677	256.69600	270.80000
678	257.72300	271.20000
679	259.17000	271.60000
680	257.52700	272.00000
681	258.48400	272.40000
682	258.79000	272.80000
683	260.93800	273.20000
684	261.10100	273.60000
685	259.84300	274.00000
686	261.00200	274.40000
687	261.03000	274.80000
688	262.52700	275.20000
689	262.83300	275.60000
690	261.88700	276.00000
691	261.11700	276.40000
692	263.43100	276.80000
693	260.80900	277.20000
694	264.57800	277.60000
695	263.13500	278.00000
696	263.21100	278.40000
697	262.69500	278.80000
698	265.33200	279.20000
699	266.18600	279.60000
700	264.88000	280.00000
701	265.87600	280.40000
702	267.12900	280.80000
703	266.90500	281.20000
704	267.75300	281.60000
705	267.78200	282.00000
706	267.01200	282.40000
707	268.92900	282.80000
708	265.86200	283.20000
709	268.16200	283.60000
710	270.30700	284.00000
711	268.67500	284.40000
712	269.36000	284.80000
713	269.36700	285.20000
714	270.22400	285.60000
715	270.60400	286.00000
716	271.99500	286.40000
717	269.53900	286.80000
718	271.55500	287.20000
719	271.38200	287.60000
720	271.40800	288.00000
721	273.43100	288.40000
722	272.84300	288.80000
723	272.19700	289.20000
724	273.06400	289.60000
725	272.78500	290.00000
726	274.52500	290.40000
727	276.38900	290.80000
728	274.66300	291.20000
729	274.32100	291.60000
730	275.03400	292.00000
731	276.78300	292.40000
732	276.28500	292.80000
733	277.18900	293.20000
734	276.36800	293.60000
735	277.07900	294.00000
736	278.12400	294.40000
737	277.49500	294.80000
738	278.47900	295.20000
739	277.91900	295.60000
740	278.75000	296.00000
741	276.89800	296.40000
742	277.61700	296.80000
743	278.21900	297.20000
744	279.36900	297.60000
745	280.18100	298.00000
746	278.52000	298.40000
747	279.27600	298.80000
748	280.95400	299.20000
749	281.91600	299.60000
750	280.59700	300.00000
751	282.12900	300.40000
752	282.77400	300.80000
753	282.17000	301.20000
754	286.05400	301.60000
755	284.67500	302.00000
756	281.01900	302.40000
757	284.60700	302.80000
758	283.70000	303.20000
759	285.59900	303.60000
760	284.00600	304.00000
761	287.48300	304.40000
762	287.15500	304.80000
763	286.21100	305.20000
764	285.59500	305.60000
765	286.73900	306.00000
766	287.57600	306.40000
767	287.61100	306.80000
768	287.88300	307.20000
769	290.96600	307.60000
770	288.50200	308.00000
771	289.52900	308.40000
772	288.99800	308.80000
773	290.74000	309.20000
774	292.25000	309.60000
775	289.43200	310.00000
776	290.39400	310.40000
777	289.42400	310.80000
778	291.61600	311.20000
779	292.68300	311.60000
780	292.53600	312.00000
781	293.45900	312.40000
782	292.34800	312.80000
783	292.72500	313.20000
784	292.72400	313.60000
785	293.40700	314.00000
786	293.22600	314.40000
787	295.53300	314.80000
788	294.95100	315.20000
789	294.96300	315.60000
790	294.44400	316.00000
791	297.02800	316.40000
792	296.65800	316.80000
793	296.10600	317.20000
794	298.47800	317.60000
795	299.39800	318.00000
796	297.17300	318.40000
797	298.44000	318.80000
798	298.31100	319.20000
799	297.83200	319.60000
800	298.72900	320.00000
801	298.31800	320.40000
802	297.70400	320.80000
803	299.19000	321.20000
804	301.56300	321.60000
805	301.44300	322.00000
806	299.64900	322.40000
807	300.13400	322.80000
808	302.11300	323.20000
809	301.82800	323.60000
810	299.98500	324.00000
811	301.36000	324.40000
812	304.43300	324.80000
813	301.52800	325.20000
814	302.29500	325.60000
815	304.46100	326.00000
816	303.71200	326.40000
817	305.01600	326.80000
818	305.03600	327.20000
819	305.06800	327.60000
820	304.60000	328.00000
821	307.95600	328.40000
822	303.81200	328.80000
823	305.85800	329.20000
824	307.04300	329.60000
825	307.02800	330.00000
826	307.19000	330.40000
827	308.13700	330.80000
828	306.90800	331.20000
829	308.98700	331.60000
830	310.32600	332.00000
831	309.23200	332.40000
832	308.76500	332.80000
833	308.09400	333.20000
834	310.73800	333.60000
835	309.46600	334.00000
836	310.79600	334.40000
837	311.94500	334.80000
838	311.90700	335.20000
839	312.38400	335.60000
840	313.18900	336.00000
841	310.62400	336.40000
842	313.34100	336.80000
843	312.85000	337.20000
844	314.54200	337.60000
845	313.97600	338.00000
846	311.57100	338.40000
847	314.90100	338.80000
848	314.94400	339.20000
849	313.95500	339.60000
850	314.17400	340.00000
851	315.02200	340.40000
852	316.44200	340.80000
853	319.69600	341.20000
854	318.40800	341.60000
855	314.50300	342.00000
856	316.23300	342.40000
857	317.65800	342.80000
858	315.85600	343.20000
859	316.76000	343.60000
860	320.71300	344.00000
861	316.72100	344.40000
862	318.00900	344.80000
863	319.47500	345.20000
864	318.43300	345.60000
865	320.06400	346.00000
866	320.96300	346.40000
867	322.34500	346.80000
868	319.22600	347.20000
869	320.59700	347.60000
870	319.62700	348.00000
871	322.04900	348.40000
872	323.26000	348.80000
873	321.86700	349.20000
874	323.97600	349.60000
875	324.22000	350.00000
876	323.03800	350.40000
877	322.58800	350.80000
878	322.97600	351.20000
879	326.57300	351.60000
880	324.09000	352.00000
881	326.39900	352.40000
882	326.09200	352.80000
883	324.90800	353.20000
884	324.60800	353.60000
885	326.17600	354.00000
886	329.28900	354.40000
887	327.93600	354.80000
888	327.94200	355.20000
889	323.92700	355.60000
890	329.36400	356.00000
891	328.50700	356.40000
892	330.62600	356.80000
893	331.20800	357.20000
894	329.00000	357.60000
895	328.21700	358.00000
896	329.36200	358.40000
897	331.82700	358.80000
898	331.78800	359.20000
899	330.45500	359.60000
900	333.26100	360.00000
901	332.18000	360.40000
902	330.90700	360.80000
903	332.92200	361.20000
904	332.63900	361.60000
905	332.62200	362.00000
906	334.72500	362.40000
907	336.43100	362.80000
908	333.27100	363.20000
909	335.14900	363.60000
910	334.72000	364.00000
911	334.33800	364.40000
912	335.33800	364.80000
913	335.96200	365.20000
914	334.84400	365.60000
915	334.27200	366.00000
916	337.32900	366.40000
917	336.97200	366.80000
918	336.94300	367.20000
919	336.79800	367.60000
920	337.52700	368.00000
921	338.22300	368.40000
922	337.58000	368.80000
923	340.57800	369.20000
924	337.18600	369.60000
925	340.68400	370.00000
926	341.02800	370.40000
927	342.13900	370.80000
928	337.93300	371.20000
929	340.11000	371.60000
930	342.26200	372.00000
931	340.04000	372.40000
932	343.45600	372.80000
933	341.96300	373.20000
934	342.17400	373.60000
935	341.92500	374.00000
936	340.17000	374.40000
937	344.40200	374.80000
938	344.02700	375.20000
939	341.89500	375.60000
940	344.99100	376.00000
941	346.19700	376.40000
942	345.84100	376.80000
943	343.82300	377.20000
944	345.97700	377.60000
945	343.13700	378.00000
946	345.22200	378.40000
947	346.20300	378.80000
948	345.85500	379.20000
949	347.43500	379.60000
950	346.16100	380.00000
951	343.93100	380.40000
952	347.06100	380.80000
953	348.41500	381.20000
954	349.25600	381.60000
955	350.30800	382.00000
956	350.15400	382.40000
957	350.40800	382.80000
958	350.22300	383.20000
959	348.86600	383.60000
960	350.18500	384.00000
961	349.85600	384.40000
962	353.53000	384.80000
963	353.51100	385.20000
964	349.78000	385.60000
965	353.14300	386.00000
966	354.47000	386.40000
967	352.87000	386.80000
968	354.10700	387.20000
969	354.65400	387.60000
970	355.56300	388.00000
971	354.89300	388.40000
972	353.36200	388.80000
973	355.15800	389.20000
974	357.64000	389.60000
975	353.10100	390.00000
976	356.70200	390.40000
977	357.52400	390.80000
978	354.60400	391.20000
979	352.97900	391.60000
980	355.49500	392.00000
981	355.71700	392.40000
982	357.16200	392.80000
983	359.51100	393.20000
984	355.61000	393.60000
985	363.43100	394.00000
986	358.45100	394.40000
987	358.28000	394.80000
988	359.82100	395.20000
989	360.68600	395.60000
990	360.25000	396.00000
991	362.86900	396.40000
992	362.54900	396.80000
993	360.53800	397.20000
994	360.71200	397.60000
995	361.07500	398.00000
996	363.75600	398.40000
997	362.55800	398.80000
998	363.31800	399.20000
999	361.17200	399.60000
1000	362.83000	400.00000
